1.00000000 381.00500000 0.17086332
2.00000000 388.40900000 0.25341281
3.00000000 395.81600000 0.38855718
4.00000000 403.22500000 0.53763327
5.00000000 410.63800000 0.62919513
6.00000000 418.05400000 0.66103688
7.00000000 425.47200000 0.67031032
8.00000000 432.89300000 0.67500768
9.00000000 440.31700000 0.67872250
10.00000000 447.74300000 0.68200807
11.00000000 455.17000000 0.68420186
12.00000000 462.59900000 0.68419369
13.00000000 470.03000000 0.68188312
14.00000000 477.46300000 0.67780266
15.00000000 484.89700000 0.67154989
16.00000000 492.33300000 0.66237137
17.00000000 499.77100000 0.65165122
18.00000000 507.21000000 0.64173400
19.00000000 514.65000000 0.63395136
20.00000000 522.09100000 0.62928469
21.00000000 529.53300000 0.62783858
22.00000000 536.97700000 0.62889566
23.00000000 544.42100000 0.63088946
24.00000000 551.86700000 0.63148173
25.00000000 559.31400000 0.63044486
26.00000000 566.76200000 0.62904124
27.00000000 574.20900000 0.62717004
28.00000000 581.65800000 0.62453451
29.00000000 589.10800000 0.62162896
30.00000000 596.55800000 0.61636865
31.00000000 604.01000000 0.60690157
32.00000000 611.46200000 0.60634070
33.00000000 618.91500000 0.60979720
34.00000000 626.36800000 0.61168250
35.00000000 633.82100000 0.61010860
36.00000000 641.27600000 0.60582667
37.00000000 648.73000000 0.60947736
38.00000000 656.18600000 0.60835555
39.00000000 663.64100000 0.58365689
40.00000000 671.09700000 0.52781584
41.00000000 678.55400000 0.56605166
42.00000000 686.01000000 0.61510103
43.00000000 693.46800000 0.63431602
44.00000000 700.92500000 0.64224572
45.00000000 708.38300000 0.64578962
46.00000000 715.84100000 0.64874563
47.00000000 723.29900000 0.64998970
48.00000000 730.75900000 0.65007070
49.00000000 738.21700000 0.64954739
50.00000000 745.67600000 0.64796041
51.00000000 753.13600000 0.64448146
52.00000000 760.59600000 0.63958953
53.00000000 768.05600000 0.64062319
54.00000000 775.51600000 0.64352885
55.00000000 782.97700000 0.64333479
56.00000000 790.43800000 0.64216444
57.00000000 797.89900000 0.64053838
58.00000000 805.36200000 0.63879285
59.00000000 812.82300000 0.63678505
60.00000000 820.28400000 0.63429288
61.00000000 827.74600000 0.63148742
62.00000000 835.20700000 0.63005240
63.00000000 842.67000000 0.62927779
64.00000000 850.13100000 0.62824894
65.00000000 857.59400000 0.62715772
66.00000000 865.05500000 0.62557608
67.00000000 872.51700000 0.62323619
68.00000000 879.98000000 0.62003666
69.00000000 887.44100000 0.61611846
70.00000000 894.90400000 0.60892965
71.00000000 902.36600000 0.60355384
72.00000000 909.82900000 0.59561991
73.00000000 917.29100000 0.57622857
74.00000000 924.75400000 0.54561478
75.00000000 932.21600000 0.52014094
76.00000000 939.67900000 0.53848388
77.00000000 947.14000000 0.57216404
78.00000000 954.60300000 0.58863970
79.00000000 962.06400000 0.59456034
80.00000000 969.52700000 0.59660696
81.00000000 976.98800000 0.59761807
82.00000000 984.45000000 0.59760003
83.00000000 991.91100000 0.59612018
84.00000000 999.37300000 0.59231755
85.00000000 1006.83000000 0.59321305
86.00000000 1014.29000000 0.58476629
87.00000000 1021.76000000 0.57747354
88.00000000 1029.22000000 0.56990818
89.00000000 1036.68000000 0.56046082
90.00000000 1044.14000000 0.55560149
91.00000000 1051.60000000 0.55769197
92.00000000 1059.06000000 0.56252011
93.00000000 1066.52000000 0.56715433
94.00000000 1073.98000000 0.56954371
95.00000000 1081.44000000 0.57039801
96.00000000 1088.90000000 0.57168987
97.00000000 1096.36000000 0.57241499
98.00000000 1103.82000000 0.57137579
99.00000000 1111.28000000 0.56900691
100.00000000 1118.74000000 0.56730504
101.00000000 1126.20000000 0.56631684
102.00000000 1133.66000000 0.56199585
103.00000000 1141.11000000 0.54906540
104.00000000 1148.57000000 0.52546860
105.00000000 1156.03000000 0.48940698
106.00000000 1163.49000000 0.43532851
107.00000000 1170.95000000 0.40033014
108.00000000 1178.40000000 0.37566928
109.00000000 1185.86000000 0.33409908
110.00000000 1193.32000000 0.29145994
111.00000000 1200.78000000 0.23363795
112.00000000 1208.23000000 0.17929207
113.00000000 1215.69000000 0.15997695
114.00000000 1223.15000000 0.19470298
115.00000000 1230.60000000 0.26385580
116.00000000 1238.06000000 0.32862136
117.00000000 1245.52000000 0.37759728
118.00000000 1252.97000000 0.41289285
119.00000000 1260.43000000 0.43766669
120.00000000 1267.88000000 0.45489688
121.00000000 1275.34000000 0.46636368
122.00000000 1282.79000000 0.47321408
123.00000000 1290.25000000 0.47772533
124.00000000 1297.71000000 0.48190939
125.00000000 1305.16000000 0.48631745
126.00000000 1312.61000000 0.49159895
127.00000000 1320.07000000 0.49601498
128.00000000 1327.52000000 0.49828792
129.00000000 1334.98000000 0.49889478
130.00000000 1342.43000000 0.49722536
131.00000000 1349.88000000 0.49247200
132.00000000 1357.33000000 0.48284878
133.00000000 1364.79000000 0.46170592
134.00000000 1372.24000000 0.42178862
135.00000000 1379.69000000 0.36357186
136.00000000 1387.14000000 0.28637173
137.00000000 1394.59000000 0.23660096
138.00000000 1402.04000000 0.25539639
139.00000000 1409.49000000 0.24792988
140.00000000 1416.94000000 0.22508231
141.00000000 1424.39000000 0.22634479
142.00000000 1431.84000000 0.23564708
143.00000000 1439.29000000 0.24650177
144.00000000 1446.74000000 0.26676540
145.00000000 1454.19000000 0.28701015
146.00000000 1461.64000000 0.30598385
147.00000000 1469.08000000 0.33079731
148.00000000 1476.53000000 0.35571511
149.00000000 1483.98000000 0.37230995
150.00000000 1491.43000000 0.38488804
151.00000000 1498.87000000 0.39492262
152.00000000 1506.32000000 0.40089546
153.00000000 1513.76000000 0.40251459
154.00000000 1521.21000000 0.39931275
155.00000000 1528.65000000 0.39187305
156.00000000 1536.10000000 0.37984271
157.00000000 1543.55000000 0.37807936
158.00000000 1550.99000000 0.39991715
159.00000000 1558.43000000 0.41548097
160.00000000 1565.88000000 0.42397864
161.00000000 1573.32000000 0.43042366
162.00000000 1580.76000000 0.43442864
163.00000000 1588.21000000 0.43500566
164.00000000 1595.65000000 0.43361005
165.00000000 1603.09000000 0.43144418
166.00000000 1610.53000000 0.42795330
167.00000000 1617.97000000 0.42272835
168.00000000 1625.41000000 0.41435854
169.00000000 1632.85000000 0.40249896
170.00000000 1640.29000000 0.39596019
171.00000000 1647.73000000 0.39153443
172.00000000 1655.17000000 0.37893932
173.00000000 1662.61000000 0.35834074
174.00000000 1670.05000000 0.32978535
175.00000000 1677.48000000 0.29438895
176.00000000 1684.92000000 0.26076248
177.00000000 1692.36000000 0.22711433
178.00000000 1699.80000000 0.18085189
179.00000000 1707.23000000 0.11506432
180.00000000 1714.67000000 0.06149580
181.00000000 1722.10000000 0.03320750
182.00000000 1729.54000000 0.02056997
183.00000000 1736.97000000 0.03022627
184.00000000 1744.41000000 0.05660054
185.00000000 1751.84000000 0.07060313
186.00000000 1759.27000000 0.05442489
187.00000000 1766.71000000 0.04796462
188.00000000 1774.14000000 0.07176955
189.00000000 1781.57000000 0.09152780
190.00000000 1789.01000000 0.09867683
191.00000000 1796.44000000 0.09291055
192.00000000 1803.87000000 0.09213700
193.00000000 1811.30000000 0.09182802
194.00000000 1818.73000000 0.09143824
195.00000000 1826.16000000 0.09543891
196.00000000 1833.59000000 0.10064914
197.00000000 1841.02000000 0.10659598
198.00000000 1848.45000000 0.11760263
199.00000000 1855.88000000 0.12869738
200.00000000 1863.31000000 0.13846280
201.00000000 1870.73000000 0.14902865
202.00000000 1878.16000000 0.15221631
203.00000000 1885.59000000 0.15092787
204.00000000 1893.01000000 0.15171549
205.00000000 1900.44000000 0.15169961
206.00000000 1907.86000000 0.14981842
207.00000000 1915.29000000 0.14813776
208.00000000 1922.71000000 0.14738659
209.00000000 1930.14000000 0.14723855
210.00000000 1937.56000000 0.14862238
211.00000000 1944.98000000 0.15099799
212.00000000 1952.41000000 0.15094275
213.00000000 1959.83000000 0.14977310
214.00000000 1967.25000000 0.15066070
215.00000000 1974.67000000 0.15279589
216.00000000 1982.09000000 0.15467320
217.00000000 1989.51000000 0.15347767
218.00000000 1996.94000000 0.14841702
219.00000000 2004.35000000 0.13974588
220.00000000 2011.77000000 0.13482786
221.00000000 2019.19000000 0.14073184
222.00000000 2026.61000000 0.14717374
223.00000000 2034.03000000 0.14821484
224.00000000 2041.45000000 0.14645872
225.00000000 2048.86000000 0.14383083
226.00000000 2056.28000000 0.14577665
227.00000000 2063.70000000 0.15377922
228.00000000 2071.11000000 0.16246692
229.00000000 2078.53000000 0.17031203
230.00000000 2085.94000000 0.17619277
231.00000000 2093.36000000 0.18176843
232.00000000 2100.77000000 0.18860738
233.00000000 2108.18000000 0.19285835
234.00000000 2115.59000000 0.19584482
235.00000000 2123.01000000 0.20039378
236.00000000 2130.42000000 0.20210233
237.00000000 2137.83000000 0.19767003
238.00000000 2145.24000000 0.19690159
239.00000000 2152.65000000 0.19985639
240.00000000 2160.06000000 0.19881786
241.00000000 2167.47000000 0.19536514
242.00000000 2174.88000000 0.19219321
243.00000000 2182.28000000 0.18816485
244.00000000 2189.69000000 0.18097964
245.00000000 2197.10000000 0.17110624
246.00000000 2204.50000000 0.16085436
247.00000000 2211.91000000 0.14991026
248.00000000 2219.31000000 0.13706081
249.00000000 2226.72000000 0.12250404
250.00000000 2234.12000000 0.10884624
251.00000000 2241.53000000 0.09627205
252.00000000 2248.93000000 0.08160886
253.00000000 2256.33000000 0.06706380
254.00000000 2263.73000000 0.05091578
255.00000000 2271.14000000 0.03290572
256.00000000 2278.54000000 0.01921431
257.00000000 2285.94000000 0.01220760
258.00000000 2293.34000000 0.00907285
259.00000000 2300.74000000 0.00752335
260.00000000 2308.14000000 0.00659827
261.00000000 2315.53000000 0.00676532
262.00000000 2322.93000000 0.00790473
263.00000000 2330.33000000 0.00826087
264.00000000 2337.73000000 0.00781302
265.00000000 2345.12000000 0.00701682
266.00000000 2352.52000000 0.00664955
267.00000000 2359.91000000 0.00684666
268.00000000 2367.31000000 0.00692164
269.00000000 2374.70000000 0.00689234
270.00000000 2382.09000000 0.00655461
271.00000000 2389.49000000 0.00650691
272.00000000 2396.88000000 0.00658107
273.00000000 2404.27000000 0.00661120
274.00000000 2411.66000000 0.00650596
275.00000000 2419.05000000 0.00657362
276.00000000 2426.44000000 0.00648416
277.00000000 2433.83000000 0.00640918
278.00000000 2441.22000000 0.00645057
279.00000000 2448.61000000 0.00676783
280.00000000 2455.99000000 0.00703492
281.00000000 2463.38000000 0.00768439
282.00000000 2470.77000000 0.00856632
283.00000000 2478.15000000 0.00886176
284.00000000 2485.54000000 0.00927648
285.00000000 2492.92000000 0.01182118
