1.00000000 381.00500000 0.00010070
2.00000000 388.40900000 0.00314485
3.00000000 395.81600000 0.00169773
4.00000000 403.22500000 0.00140738
5.00000000 410.63800000 0.00040721
6.00000000 418.05400000 -0.00066935
7.00000000 425.47200000 -0.00087111
8.00000000 432.89300000 0.00169432
9.00000000 440.31700000 0.00153024
10.00000000 447.74300000 -0.00092234
11.00000000 455.17000000 -0.00086796
12.00000000 462.59900000 -0.00106132
13.00000000 470.03000000 -0.00113077
14.00000000 477.46300000 -0.00143833
15.00000000 484.89700000 -0.00167048
16.00000000 492.33300000 -0.00193952
17.00000000 499.77100000 -0.00209490
18.00000000 507.21000000 -0.00228706
19.00000000 514.65000000 -0.00243301
20.00000000 522.09100000 -0.00206381
21.00000000 529.53300000 -0.00208346
22.00000000 536.97700000 -0.00131657
23.00000000 544.42100000 -0.00008504
24.00000000 551.86700000 -0.00058034
25.00000000 559.31400000 -0.00055832
26.00000000 566.76200000 0.00038010
27.00000000 574.20900000 0.00028999
28.00000000 581.65800000 0.00048692
29.00000000 589.10800000 -0.00131626
30.00000000 596.55800000 -0.00064730
31.00000000 604.01000000 -0.00241087
32.00000000 611.46200000 -0.00267841
33.00000000 618.91500000 -0.00304838
34.00000000 626.36800000 -0.00280681
35.00000000 633.82100000 -0.00305049
36.00000000 641.27600000 -0.00470848
37.00000000 648.73000000 -0.00387324
38.00000000 656.18600000 -0.00429615
39.00000000 663.64100000 -0.00484024
40.00000000 671.09700000 -0.00378807
41.00000000 678.55400000 -0.00419622
42.00000000 686.01000000 -0.00396605
43.00000000 693.46800000 -0.00240365
44.00000000 700.92500000 -0.00259435
45.00000000 708.38300000 -0.00259589
46.00000000 715.84100000 -0.00108424
47.00000000 723.29900000 -0.00113271
48.00000000 730.75900000 -0.00183234
49.00000000 738.21700000 -0.00040482
50.00000000 745.67600000 0.00075204
51.00000000 753.13600000 -0.00034388
52.00000000 760.59600000 -0.00028935
53.00000000 768.05600000 0.00161487
54.00000000 775.51600000 0.00224126
55.00000000 782.97700000 0.00113173
56.00000000 790.43800000 0.00103168
57.00000000 797.89900000 0.00286396
58.00000000 805.36200000 0.00364100
59.00000000 812.82300000 0.00268209
60.00000000 820.28400000 0.00238609
61.00000000 827.74600000 0.00394971
62.00000000 835.20700000 0.00504294
63.00000000 842.67000000 0.00420190
64.00000000 850.13100000 0.00295736
65.00000000 857.59400000 0.00366256
66.00000000 865.05500000 0.00578418
67.00000000 872.51700000 0.00642947
68.00000000 879.98000000 0.00476564
69.00000000 887.44100000 0.00290487
70.00000000 894.90400000 0.00302426
71.00000000 902.36600000 0.00501710
72.00000000 909.82900000 0.00620194
73.00000000 917.29100000 0.00478840
74.00000000 924.75400000 0.00205928
75.00000000 932.21600000 0.00036739
76.00000000 939.67900000 0.00155932
77.00000000 947.14000000 0.00413941
78.00000000 954.60300000 0.00563763
79.00000000 962.06400000 0.00493654
80.00000000 969.52700000 0.00279972
81.00000000 976.98800000 0.00138765
82.00000000 984.45000000 0.00152308
83.00000000 991.91100000 0.00304806
84.00000000 999.37300000 0.00448764
85.00000000 1006.83000000 0.00449858
86.00000000 1014.29000000 0.00365950
87.00000000 1021.76000000 0.00231744
88.00000000 1029.22000000 0.00162830
89.00000000 1036.68000000 0.00212343
90.00000000 1044.14000000 0.00287430
91.00000000 1051.60000000 0.00317601
92.00000000 1059.06000000 0.00317488
93.00000000 1066.52000000 0.00294163
94.00000000 1073.98000000 0.00268114
95.00000000 1081.44000000 0.00279557
96.00000000 1088.90000000 0.00320951
97.00000000 1096.36000000 0.00318720
98.00000000 1103.82000000 0.00289182
99.00000000 1111.28000000 0.00231477
100.00000000 1118.74000000 0.00163679
101.00000000 1126.20000000 0.00113847
102.00000000 1133.66000000 0.00099715
103.00000000 1141.11000000 0.00145921
104.00000000 1148.57000000 0.00219838
105.00000000 1156.03000000 0.00213080
106.00000000 1163.49000000 0.00144207
107.00000000 1170.95000000 -0.00000620
108.00000000 1178.40000000 -0.00198692
109.00000000 1185.86000000 -0.00457584
110.00000000 1193.32000000 -0.00683110
111.00000000 1200.78000000 -0.00896658
112.00000000 1208.23000000 -0.01085932
113.00000000 1215.69000000 -0.01053833
114.00000000 1223.15000000 -0.00711953
115.00000000 1230.60000000 -0.00263942
116.00000000 1238.06000000 -0.00007416
117.00000000 1245.52000000 0.00073907
118.00000000 1252.97000000 0.00025332
119.00000000 1260.43000000 -0.00081915
120.00000000 1267.88000000 -0.00196466
121.00000000 1275.34000000 -0.00229888
122.00000000 1282.79000000 -0.00184479
123.00000000 1290.25000000 -0.00090456
124.00000000 1297.71000000 0.00072759
125.00000000 1305.16000000 0.00283179
126.00000000 1312.61000000 0.00431993
127.00000000 1320.07000000 0.00521469
128.00000000 1327.52000000 0.00502394
129.00000000 1334.98000000 0.00352282
130.00000000 1342.43000000 0.00123832
131.00000000 1349.88000000 -0.00077195
132.00000000 1357.33000000 -0.00239396
133.00000000 1364.79000000 -0.00351843
134.00000000 1372.24000000 -0.00470580
135.00000000 1379.69000000 -0.00523876
136.00000000 1387.14000000 -0.00592301
137.00000000 1394.59000000 -0.00601926
138.00000000 1402.04000000 -0.00399414
139.00000000 1409.49000000 -0.00340580
140.00000000 1416.94000000 -0.00375337
141.00000000 1424.39000000 -0.00355839
142.00000000 1431.84000000 -0.00372598
143.00000000 1439.29000000 -0.00414331
144.00000000 1446.74000000 -0.00484627
145.00000000 1454.19000000 -0.00530266
146.00000000 1461.64000000 -0.00548145
147.00000000 1469.08000000 -0.00499343
148.00000000 1476.53000000 -0.00411672
149.00000000 1483.98000000 -0.00296206
150.00000000 1491.43000000 -0.00161104
151.00000000 1498.87000000 -0.00005386
152.00000000 1506.32000000 0.00125456
153.00000000 1513.76000000 0.00242741
154.00000000 1521.21000000 0.00320418
155.00000000 1528.65000000 0.00331518
156.00000000 1536.10000000 0.00287572
157.00000000 1543.55000000 0.00222759
158.00000000 1550.99000000 0.00184600
159.00000000 1558.43000000 0.00109226
160.00000000 1565.88000000 0.00014349
161.00000000 1573.32000000 -0.00090948
162.00000000 1580.76000000 -0.00154919
163.00000000 1588.21000000 -0.00193796
164.00000000 1595.65000000 -0.00199444
165.00000000 1603.09000000 -0.00186975
166.00000000 1610.53000000 -0.00183511
167.00000000 1617.97000000 -0.00155868
168.00000000 1625.41000000 -0.00115253
169.00000000 1632.85000000 -0.00106212
170.00000000 1640.29000000 -0.00084013
171.00000000 1647.73000000 -0.00063168
172.00000000 1655.17000000 -0.00065278
173.00000000 1662.61000000 -0.00127323
174.00000000 1670.05000000 -0.00188562
175.00000000 1677.48000000 -0.00265279
176.00000000 1684.92000000 -0.00338981
177.00000000 1692.36000000 -0.00509598
178.00000000 1699.80000000 -0.00774900
179.00000000 1707.23000000 -0.01284247
180.00000000 1714.67000000 -0.01951600
181.00000000 1722.10000000 -0.02764513
182.00000000 1729.54000000 -0.03557598
183.00000000 1736.97000000 -0.02974533
184.00000000 1744.41000000 -0.01934220
185.00000000 1751.84000000 -0.01757213
186.00000000 1759.27000000 -0.02194513
187.00000000 1766.71000000 -0.02374412
188.00000000 1774.14000000 -0.01950873
189.00000000 1781.57000000 -0.01680893
190.00000000 1789.01000000 -0.01674553
191.00000000 1796.44000000 -0.01812386
192.00000000 1803.87000000 -0.01833407
193.00000000 1811.30000000 -0.01885738
194.00000000 1818.73000000 -0.01933575
195.00000000 1826.16000000 -0.01868158
196.00000000 1833.59000000 -0.01755810
197.00000000 1841.02000000 -0.01623146
198.00000000 1848.45000000 -0.01415583
199.00000000 1855.88000000 -0.01170107
200.00000000 1863.31000000 -0.00950256
201.00000000 1870.73000000 -0.00727210
202.00000000 1878.16000000 -0.00561186
203.00000000 1885.59000000 -0.00373154
204.00000000 1893.01000000 -0.00184505
205.00000000 1900.44000000 -0.00027090
206.00000000 1907.86000000 0.00086177
207.00000000 1915.29000000 0.00098932
208.00000000 1922.71000000 0.00045454
209.00000000 1930.14000000 0.00002435
210.00000000 1937.56000000 -0.00074131
211.00000000 1944.98000000 -0.00158446
212.00000000 1952.41000000 -0.00311778
213.00000000 1959.83000000 -0.00550689
214.00000000 1967.25000000 -0.00807652
215.00000000 1974.67000000 -0.01051070
216.00000000 1982.09000000 -0.01268590
217.00000000 1989.51000000 -0.01449338
218.00000000 1996.94000000 -0.01645310
219.00000000 2004.35000000 -0.01807718
220.00000000 2011.77000000 -0.01877299
221.00000000 2019.19000000 -0.01827657
222.00000000 2026.61000000 -0.01745540
223.00000000 2034.03000000 -0.01744231
224.00000000 2041.45000000 -0.01736703
225.00000000 2048.86000000 -0.01598615
226.00000000 2056.28000000 -0.01426810
227.00000000 2063.70000000 -0.01231144
228.00000000 2071.11000000 -0.01001978
229.00000000 2078.53000000 -0.00741289
230.00000000 2085.94000000 -0.00549759
231.00000000 2093.36000000 -0.00410561
232.00000000 2100.77000000 -0.00241567
233.00000000 2108.18000000 -0.00045543
234.00000000 2115.59000000 0.00075149
235.00000000 2123.01000000 0.00128215
236.00000000 2130.42000000 0.00158378
237.00000000 2137.83000000 0.00155541
238.00000000 2145.24000000 0.00167746
239.00000000 2152.65000000 0.00179355
240.00000000 2160.06000000 0.00221043
241.00000000 2167.47000000 0.00228467
242.00000000 2174.88000000 0.00183174
243.00000000 2182.28000000 0.00153975
244.00000000 2189.69000000 0.00045967
245.00000000 2197.10000000 -0.00027051
246.00000000 2204.50000000 -0.00074888
247.00000000 2211.91000000 -0.00159236
248.00000000 2219.31000000 -0.00395847
249.00000000 2226.72000000 -0.00585790
250.00000000 2234.12000000 -0.00822743
251.00000000 2241.53000000 -0.00972372
252.00000000 2248.93000000 -0.01230867
253.00000000 2256.33000000 -0.01598006
254.00000000 2263.73000000 -0.02118902
255.00000000 2271.14000000 -0.02804380
256.00000000 2278.54000000 -0.03630484
257.00000000 2285.94000000 -0.04573948
258.00000000 2293.34000000 -0.06086136
259.00000000 2300.74000000 -0.08946165
260.00000000 2308.14000000 -0.12553533
261.00000000 2315.53000000 -0.11728023
262.00000000 2322.93000000 -0.07449352
263.00000000 2330.33000000 -0.06364747
264.00000000 2337.73000000 -0.07228986
265.00000000 2345.12000000 -0.09542092
266.00000000 2352.52000000 -0.10621857
267.00000000 2359.91000000 -0.08830078
268.00000000 2367.31000000 -0.08547862
269.00000000 2374.70000000 -0.08956421
270.00000000 2382.09000000 -0.09625908
271.00000000 2389.49000000 -0.09856915
272.00000000 2396.88000000 -0.09797856
273.00000000 2404.27000000 -0.09734454
274.00000000 2411.66000000 -0.09539829
275.00000000 2419.05000000 -0.09402922
276.00000000 2426.44000000 -0.09233711
277.00000000 2433.83000000 -0.09145783
278.00000000 2441.22000000 -0.08818483
279.00000000 2448.61000000 -0.07971919
280.00000000 2455.99000000 -0.07232331
281.00000000 2463.38000000 -0.06735760
282.00000000 2470.77000000 -0.06415124
283.00000000 2478.15000000 -0.05921233
284.00000000 2485.54000000 -0.05193377
285.00000000 2492.92000000 -0.04333920
