1.0  381.005  0.13816170394420624
2.0  388.409  0.18955369293689728
3.0  395.816  0.28125306963920593
4.0  403.225  0.40540993213653564
5.0  410.638  0.5136008858680725
6.0  418.054  0.5675216317176819
7.0  425.472  0.5877035856246948
8.0  432.893  0.5995801687240601
9.0  440.317  0.6065618395805359
10.0  447.743  0.6123111844062805
11.0  455.17  0.6197780966758728
12.0  462.599  0.6258185505867004
13.0  470.03  0.6309583187103271
14.0  477.463  0.6367213129997253
15.0  484.897  0.6416654586791992
16.0  492.333  0.6461796760559082
17.0  499.771  0.650391697883606
18.0  507.21  0.6536366939544678
19.0  514.65  0.6562151312828064
20.0  522.091  0.6582500338554382
21.0  529.533  0.6598526239395142
22.0  536.977  0.6608676910400391
23.0  544.421  0.6613756418228149
24.0  551.867  0.6617177128791809
25.0  559.314  0.6623402833938599
26.0  566.762  0.6633585691452026
27.0  574.209  0.6644152998924255
28.0  581.658  0.6651273965835571
29.0  589.108  0.6653316020965576
30.0  596.558  0.665768027305603
31.0  604.01  0.6670668125152588
32.0  611.462  0.6691715717315674
33.0  618.915  0.6722482442855835
34.0  626.368  0.6761171817779541
35.0  633.821  0.6801667213439941
36.0  641.276  0.6844643950462341
37.0  648.73  0.6888806223869324
38.0  656.186  0.6929230690002441
39.0  663.641  0.6964603066444397
40.0  671.097  0.6994932293891907
41.0  678.554  0.7020423412322998
42.0  686.01  0.7041210532188416
43.0  693.468  0.7057304382324219
44.0  700.925  0.7068991661071777
45.0  708.383  0.7076833844184875
46.0  715.841  0.7081143856048584
47.0  723.299  0.7080532312393188
48.0  730.759  0.707513689994812
49.0  738.217  0.7069027423858643
50.0  745.676  0.7065221071243286
51.0  753.136  0.7067621350288391
52.0  760.596  0.707676887512207
53.0  768.056  0.708223819732666
54.0  775.516  0.7083621621131897
55.0  782.977  0.7082144021987915
56.0  790.438  0.7079307436943054
57.0  797.899  0.7075115442276001
58.0  805.362  0.7069171667098999
59.0  812.823  0.7062261700630188
60.0  820.284  0.7057439684867859
61.0  827.746  0.705525815486908
62.0  835.207  0.7054276466369629
63.0  842.67  0.7052862644195557
64.0  850.131  0.7049660086631775
65.0  857.594  0.7044727802276611
66.0  865.055  0.7033554315567017
67.0  872.517  0.7015631198883057
68.0  879.98  0.6987128257751465
69.0  887.441  0.6927961111068726
70.0  894.904  0.6843170523643494
71.0  902.366  0.678299605846405
72.0  909.829  0.673614501953125
73.0  917.291  0.6705310940742493
74.0  924.754  0.6751520037651062
75.0  932.216  0.6836546659469604
76.0  939.679  0.6894627809524536
77.0  947.14  0.6927722692489624
78.0  954.603  0.6942976117134094
79.0  962.064  0.6946718692779541
80.0  969.527  0.694706916809082
81.0  976.988  0.6945160627365112
82.0  984.45  0.693900465965271
83.0  991.911  0.6920750737190247
84.0  999.373  0.6898289322853088
85.0  1006.83  0.6780680418014526
86.0  1014.29  0.6730366349220276
87.0  1021.76  0.6674510836601257
88.0  1029.22  0.6645755171775818
89.0  1036.68  0.6651111245155334
90.0  1044.14  0.6675155162811279
91.0  1051.6  0.67009437084198
92.0  1059.06  0.6720449328422546
93.0  1066.52  0.6738961935043335
94.0  1073.98  0.675277829170227
95.0  1081.44  0.6762551665306091
96.0  1088.9  0.6770205497741699
97.0  1096.36  0.6774681806564331
98.0  1103.82  0.6774006485939026
99.0  1111.28  0.6764591932296753
100.0  1118.74  0.673590362071991
101.0  1126.2  0.6681842803955078
102.0  1133.66  0.6536589860916138
103.0  1141.11  0.6315978765487671
104.0  1148.57  0.6021460890769958
105.0  1156.03  0.5641721487045288
106.0  1163.49  0.5147503614425659
107.0  1170.95  0.47651395201683044
108.0  1178.4  0.46752578020095825
109.0  1185.86  0.4584161341190338
110.0  1193.32  0.4474663734436035
111.0  1200.78  0.4522498846054077
112.0  1208.23  0.4766034185886383
113.0  1215.69  0.5139057040214539
114.0  1223.15  0.5455852150917053
115.0  1230.6  0.5756795406341553
116.0  1238.06  0.5938326120376587
117.0  1245.52  0.6074953079223633
118.0  1252.97  0.6155204176902771
119.0  1260.43  0.6213420629501343
120.0  1267.88  0.626502513885498
121.0  1275.34  0.6302666664123535
122.0  1282.79  0.6338765025138855
123.0  1290.25  0.6362940669059753
124.0  1297.71  0.6387479901313782
125.0  1305.16  0.6406810283660889
126.0  1312.61  0.6425653100013733
127.0  1320.07  0.6436771750450134
128.0  1327.52  0.6437522172927856
129.0  1334.98  0.6424827575683594
130.0  1342.43  0.6389361023902893
131.0  1349.88  0.630782425403595
132.0  1357.33  0.6171581745147705
133.0  1364.79  0.5852709412574768
134.0  1372.24  0.5392948985099792
135.0  1379.69  0.48536738753318787
136.0  1387.14  0.4588876962661743
137.0  1394.59  0.44352078437805176
138.0  1402.04  0.4317951202392578
139.0  1409.49  0.427686870098114
140.0  1416.94  0.4207363426685333
141.0  1424.39  0.4170941114425659
142.0  1431.84  0.42972996830940247
143.0  1439.29  0.45448872447013855
144.0  1446.74  0.476304292678833
145.0  1454.19  0.49118682742118835
146.0  1461.64  0.5044753551483154
147.0  1469.08  0.5115721225738525
148.0  1476.53  0.5199613571166992
149.0  1483.98  0.5282018184661865
150.0  1491.43  0.5351523160934448
151.0  1498.87  0.5422664880752563
152.0  1506.32  0.5464701652526855
153.0  1513.76  0.547409176826477
154.0  1521.21  0.547228991985321
155.0  1528.65  0.548639178276062
156.0  1536.1  0.5517639517784119
157.0  1543.55  0.5547364354133606
158.0  1550.99  0.5574912428855896
159.0  1558.43  0.5606712102890015
160.0  1565.88  0.5620115399360657
161.0  1573.32  0.5605384707450867
162.0  1580.76  0.556462824344635
163.0  1588.21  0.5530409216880798
164.0  1595.65  0.5497223734855652
165.0  1603.09  0.546527624130249
166.0  1610.53  0.5423799157142639
167.0  1617.97  0.5378744602203369
168.0  1625.41  0.5312041640281677
169.0  1632.85  0.5215775966644287
170.0  1640.29  0.5168739557266235
171.0  1647.73  0.5116382241249084
172.0  1655.17  0.499271035194397
173.0  1662.61  0.47322022914886475
174.0  1670.05  0.4430335760116577
175.0  1677.48  0.40547263622283936
176.0  1684.92  0.3390773832798004
177.0  1692.36  0.25810861587524414
178.0  1699.8  0.1791044920682907
179.0  1707.23  0.1352822482585907
180.0  1714.67  0.10859555006027222
181.0  1722.1  0.115684375166893
182.0  1729.54  0.1397732049226761
183.0  1736.97  0.1472100019454956
184.0  1744.41  0.14284825325012207
185.0  1751.84  0.14456862211227417
186.0  1759.27  0.15456554293632507
187.0  1766.71  0.16737808287143707
188.0  1774.14  0.17227472364902496
189.0  1781.57  0.17875877022743225
190.0  1789.01  0.1877754181623459
191.0  1796.44  0.19868479669094086
192.0  1803.87  0.20558668673038483
193.0  1811.3  0.20768162608146667
194.0  1818.73  0.20557254552841187
195.0  1826.16  0.20239177346229553
196.0  1833.59  0.20369960367679596
197.0  1841.02  0.20757277309894562
198.0  1848.45  0.20991601049900055
199.0  1855.88  0.2128129005432129
200.0  1863.31  0.21914520859718323
201.0  1870.73  0.2281704992055893
202.0  1878.16  0.2350170761346817
203.0  1885.59  0.24127838015556335
204.0  1893.01  0.2424960881471634
205.0  1900.44  0.24044322967529297
206.0  1907.86  0.24209430813789368
207.0  1915.29  0.24409396946430206
208.0  1922.71  0.2427535206079483
209.0  1930.14  0.24078190326690674
210.0  1937.56  0.2393532544374466
211.0  1944.98  0.23929332196712494
212.0  1952.41  0.24039950966835022
213.0  1959.83  0.2420908808708191
214.0  1967.25  0.24311429262161255
215.0  1974.67  0.24461141228675842
216.0  1982.09  0.24646444618701935
217.0  1989.51  0.24818310141563416
218.0  1996.94  0.24822141230106354
219.0  2004.35  0.24801130592823029
220.0  2011.77  0.24793308973312378
221.0  2019.19  0.24734248220920563
222.0  2026.61  0.24615289270877838
223.0  2034.03  0.24533115327358246
224.0  2041.45  0.2445199191570282
225.0  2048.86  0.24247059226036072
226.0  2056.28  0.24088159203529358
227.0  2063.7  0.24155139923095703
228.0  2071.11  0.24387983977794647
229.0  2078.53  0.2461971789598465
230.0  2085.94  0.24673722684383392
231.0  2093.36  0.2464086413383484
232.0  2100.77  0.24541743099689484
233.0  2108.18  0.24331450462341309
234.0  2115.59  0.24038568139076233
235.0  2123.01  0.2392231822013855
236.0  2130.42  0.23791983723640442
237.0  2137.83  0.23546980321407318
238.0  2145.24  0.23373286426067352
239.0  2152.65  0.23205076158046722
240.0  2160.06  0.23024988174438477
241.0  2167.47  0.22848621010780334
242.0  2174.88  0.2266269326210022
243.0  2182.28  0.22423645853996277
244.0  2189.69  0.21964767575263977
245.0  2197.1  0.21352262794971466
246.0  2204.5  0.20390574634075165
247.0  2211.91  0.1937815099954605
248.0  2219.31  0.18239915370941162
249.0  2226.72  0.1677698940038681
250.0  2234.12  0.15420596301555634
251.0  2241.53  0.13748988509178162
252.0  2248.93  0.12170496582984924
253.0  2256.33  0.106632761657238
254.0  2263.73  0.09046098589897156
255.0  2271.14  0.07647919654846191
256.0  2278.54  0.06083695963025093
257.0  2285.94  0.049169521778821945
258.0  2293.34  0.04194088280200958
259.0  2300.74  0.038216255605220795
260.0  2308.14  0.03651366010308266
261.0  2315.53  0.03761517256498337
262.0  2322.93  0.039791375398635864
263.0  2330.33  0.04063376039266586
264.0  2337.73  0.041636109352111816
265.0  2345.12  0.04218612611293793
266.0  2352.52  0.04069185256958008
267.0  2359.91  0.039233673363924026
268.0  2367.31  0.038307201117277145
269.0  2374.7  0.03820018470287323
270.0  2382.09  0.03932589292526245
271.0  2389.49  0.04020627960562706
272.0  2396.88  0.03976504132151604
273.0  2404.27  0.04020681977272034
274.0  2411.66  0.04207724705338478
275.0  2419.05  0.04417923092842102
276.0  2426.44  0.045346856117248535
277.0  2433.83  0.04582918435335159
278.0  2441.22  0.045737843960523605
279.0  2448.61  0.045526791363954544
280.0  2455.99  0.04576978087425232
281.0  2463.38  0.04734033718705177
282.0  2470.77  0.048217810690402985
283.0  2478.15  0.048539649695158005
284.0  2485.54  0.04903135821223259
285.0  2492.92  0.05101119354367256
