1.00000000 381.00500000 0.12812708
2.00000000 388.40900000 0.20021370
3.00000000 395.81600000 0.32963880
4.00000000 403.22500000 0.51462098
5.00000000 410.63800000 0.70141320
6.00000000 418.05400000 0.82509369
7.00000000 425.47200000 0.87416547
8.00000000 432.89300000 0.88703487
9.00000000 440.31700000 0.88960510
10.00000000 447.74300000 0.88915696
11.00000000 455.17000000 0.88845465
12.00000000 462.59900000 0.88730377
13.00000000 470.03000000 0.88575460
14.00000000 477.46300000 0.88392867
15.00000000 484.89700000 0.88162269
16.00000000 492.33300000 0.87880125
17.00000000 499.77100000 0.87546935
18.00000000 507.21000000 0.87176714
19.00000000 514.65000000 0.86775670
20.00000000 522.09100000 0.86346959
21.00000000 529.53300000 0.85905937
22.00000000 536.97700000 0.85448604
23.00000000 544.42100000 0.84999910
24.00000000 551.86700000 0.84492897
25.00000000 559.31400000 0.84015306
26.00000000 566.76200000 0.83580423
27.00000000 574.20900000 0.83200750
28.00000000 581.65800000 0.82886785
29.00000000 589.10800000 0.82593148
30.00000000 596.55800000 0.82318564
31.00000000 604.01000000 0.82106622
32.00000000 611.46200000 0.81954051
33.00000000 618.91500000 0.81908315
34.00000000 626.36800000 0.81953158
35.00000000 633.82100000 0.82032036
36.00000000 641.27600000 0.82146307
37.00000000 648.73000000 0.82280688
38.00000000 656.18600000 0.82463471
39.00000000 663.64100000 0.82670093
40.00000000 671.09700000 0.82870176
41.00000000 678.55400000 0.83073649
42.00000000 686.01000000 0.83256111
43.00000000 693.46800000 0.83394161
44.00000000 700.92500000 0.83516064
45.00000000 708.38300000 0.83600616
46.00000000 715.84100000 0.83632990
47.00000000 723.29900000 0.83624121
48.00000000 730.75900000 0.83572167
49.00000000 738.21700000 0.83498167
50.00000000 745.67600000 0.83365902
51.00000000 753.13600000 0.83138009
52.00000000 760.59600000 0.82874697
53.00000000 768.05600000 0.82883343
54.00000000 775.51600000 0.82984064
55.00000000 782.97700000 0.82939827
56.00000000 790.43800000 0.82839155
57.00000000 797.89900000 0.82722560
58.00000000 805.36200000 0.82604089
59.00000000 812.82300000 0.82466497
60.00000000 820.28400000 0.82299312
61.00000000 827.74600000 0.82116917
62.00000000 835.20700000 0.81997315
63.00000000 842.67000000 0.81908378
64.00000000 850.13100000 0.81807689
65.00000000 857.59400000 0.81692207
66.00000000 865.05500000 0.81547170
67.00000000 872.51700000 0.81386371
68.00000000 879.98000000 0.81161038
69.00000000 887.44100000 0.80899718
70.00000000 894.90400000 0.80474115
71.00000000 902.36600000 0.80109345
72.00000000 909.82900000 0.79571054
73.00000000 917.29100000 0.78484042
74.00000000 924.75400000 0.76900301
75.00000000 932.21600000 0.75599085
76.00000000 939.67900000 0.76506237
77.00000000 947.14000000 0.78191860
78.00000000 954.60300000 0.78978244
79.00000000 962.06400000 0.79230154
80.00000000 969.52700000 0.79276118
81.00000000 976.98800000 0.79264671
82.00000000 984.45000000 0.79178228
83.00000000 991.91100000 0.79018691
84.00000000 999.37300000 0.78733638
85.00000000 1006.83000000 0.78792066
86.00000000 1014.29000000 0.78270319
87.00000000 1021.76000000 0.77794293
88.00000000 1029.22000000 0.77309979
89.00000000 1036.68000000 0.76764697
90.00000000 1044.14000000 0.76461926
91.00000000 1051.60000000 0.76483494
92.00000000 1059.06000000 0.76654878
93.00000000 1066.52000000 0.76817594
94.00000000 1073.98000000 0.76860609
95.00000000 1081.44000000 0.76866536
96.00000000 1088.90000000 0.76852249
97.00000000 1096.36000000 0.76792276
98.00000000 1103.82000000 0.76657677
99.00000000 1111.28000000 0.76458829
100.00000000 1118.74000000 0.76300963
101.00000000 1126.20000000 0.76127154
102.00000000 1133.66000000 0.75751018
103.00000000 1141.11000000 0.74875540
104.00000000 1148.57000000 0.73330425
105.00000000 1156.03000000 0.71011035
106.00000000 1163.49000000 0.67697328
107.00000000 1170.95000000 0.65345438
108.00000000 1178.40000000 0.63275087
109.00000000 1185.86000000 0.59873009
110.00000000 1193.32000000 0.56131039
111.00000000 1200.78000000 0.51207383
112.00000000 1208.23000000 0.46189350
113.00000000 1215.69000000 0.44324040
114.00000000 1223.15000000 0.47848934
115.00000000 1230.60000000 0.54247764
116.00000000 1238.06000000 0.59543022
117.00000000 1245.52000000 0.63099439
118.00000000 1252.97000000 0.65473067
119.00000000 1260.43000000 0.67051444
120.00000000 1267.88000000 0.68084601
121.00000000 1275.34000000 0.68742321
122.00000000 1282.79000000 0.69117932
123.00000000 1290.25000000 0.69340569
124.00000000 1297.71000000 0.69533630
125.00000000 1305.16000000 0.69756063
126.00000000 1312.61000000 0.70000589
127.00000000 1320.07000000 0.70186777
128.00000000 1327.52000000 0.70248875
129.00000000 1334.98000000 0.70174241
130.00000000 1342.43000000 0.69928318
131.00000000 1349.88000000 0.69450704
132.00000000 1357.33000000 0.68488065
133.00000000 1364.79000000 0.66765785
134.00000000 1372.24000000 0.63787048
135.00000000 1379.69000000 0.59288798
136.00000000 1387.14000000 0.52904074
137.00000000 1394.59000000 0.48798768
138.00000000 1402.04000000 0.50569974
139.00000000 1409.49000000 0.49680341
140.00000000 1416.94000000 0.47540707
141.00000000 1424.39000000 0.47732788
142.00000000 1431.84000000 0.48549920
143.00000000 1439.29000000 0.49541678
144.00000000 1446.74000000 0.51365826
145.00000000 1454.19000000 0.53213764
146.00000000 1461.64000000 0.54848976
147.00000000 1469.08000000 0.56743207
148.00000000 1476.53000000 0.58556758
149.00000000 1483.98000000 0.59752360
150.00000000 1491.43000000 0.60625872
151.00000000 1498.87000000 0.61279598
152.00000000 1506.32000000 0.61636740
153.00000000 1513.76000000 0.61709580
154.00000000 1521.21000000 0.61464847
155.00000000 1528.65000000 0.60952227
156.00000000 1536.10000000 0.60198944
157.00000000 1543.55000000 0.60172441
158.00000000 1550.99000000 0.61622369
159.00000000 1558.43000000 0.62578790
160.00000000 1565.88000000 0.63031979
161.00000000 1573.32000000 0.63340594
162.00000000 1580.76000000 0.63490628
163.00000000 1588.21000000 0.63434972
164.00000000 1595.65000000 0.63269087
165.00000000 1603.09000000 0.63048841
166.00000000 1610.53000000 0.62711343
167.00000000 1617.97000000 0.62256768
168.00000000 1625.41000000 0.61688976
169.00000000 1632.85000000 0.61023675
170.00000000 1640.29000000 0.60343421
171.00000000 1647.73000000 0.59528603
172.00000000 1655.17000000 0.58355810
173.00000000 1662.61000000 0.56632603
174.00000000 1670.05000000 0.54173844
175.00000000 1677.48000000 0.50797722
176.00000000 1684.92000000 0.46366638
177.00000000 1692.36000000 0.40683922
178.00000000 1699.80000000 0.34000396
179.00000000 1707.23000000 0.25609953
180.00000000 1714.67000000 0.18681354
181.00000000 1722.10000000 0.13944281
182.00000000 1729.54000000 0.10985196
183.00000000 1736.97000000 0.13315115
184.00000000 1744.41000000 0.18401043
185.00000000 1751.84000000 0.20040420
186.00000000 1759.27000000 0.17394118
187.00000000 1766.71000000 0.16391836
188.00000000 1774.14000000 0.19839504
189.00000000 1781.57000000 0.22658924
190.00000000 1789.01000000 0.23652424
191.00000000 1796.44000000 0.22936624
192.00000000 1803.87000000 0.22851822
193.00000000 1811.30000000 0.22774018
194.00000000 1818.73000000 0.22736858
195.00000000 1826.16000000 0.23242382
196.00000000 1833.59000000 0.23950046
197.00000000 1841.02000000 0.24789306
198.00000000 1848.45000000 0.26223559
199.00000000 1855.88000000 0.27678307
200.00000000 1863.31000000 0.28892717
201.00000000 1870.73000000 0.30028037
202.00000000 1878.16000000 0.30338339
203.00000000 1885.59000000 0.30147161
204.00000000 1893.01000000 0.30139012
205.00000000 1900.44000000 0.30059273
206.00000000 1907.86000000 0.29807679
207.00000000 1915.29000000 0.29540317
208.00000000 1922.71000000 0.29370768
209.00000000 1930.14000000 0.29285196
210.00000000 1937.56000000 0.29362742
211.00000000 1944.98000000 0.29524883
212.00000000 1952.41000000 0.29414970
213.00000000 1959.83000000 0.29172160
214.00000000 1967.25000000 0.29181166
215.00000000 1974.67000000 0.29309404
216.00000000 1982.09000000 0.29396775
217.00000000 1989.51000000 0.29144591
218.00000000 1996.94000000 0.28467669
219.00000000 2004.35000000 0.27397908
220.00000000 2011.77000000 0.26856663
221.00000000 2019.19000000 0.27600639
222.00000000 2026.61000000 0.28333640
223.00000000 2034.03000000 0.28409803
224.00000000 2041.45000000 0.28157048
225.00000000 2048.86000000 0.27846840
226.00000000 2056.28000000 0.28067511
227.00000000 2063.70000000 0.28996488
228.00000000 2071.11000000 0.30009368
229.00000000 2078.53000000 0.30871641
230.00000000 2085.94000000 0.31476263
231.00000000 2093.36000000 0.32004424
232.00000000 2100.77000000 0.32677703
233.00000000 2108.18000000 0.33192673
234.00000000 2115.59000000 0.33641670
235.00000000 2123.01000000 0.34008055
236.00000000 2130.42000000 0.33935003
237.00000000 2137.83000000 0.33335317
238.00000000 2145.24000000 0.33119955
239.00000000 2152.65000000 0.33290970
240.00000000 2160.06000000 0.33074084
241.00000000 2167.47000000 0.32581459
242.00000000 2174.88000000 0.31994069
243.00000000 2182.28000000 0.31239991
244.00000000 2189.69000000 0.30207694
245.00000000 2197.10000000 0.28907295
246.00000000 2204.50000000 0.27565629
247.00000000 2211.91000000 0.26138344
248.00000000 2219.31000000 0.24526028
249.00000000 2226.72000000 0.22796460
250.00000000 2234.12000000 0.20990848
251.00000000 2241.53000000 0.19016585
252.00000000 2248.93000000 0.16766408
253.00000000 2256.33000000 0.14336273
254.00000000 2263.73000000 0.11560059
255.00000000 2271.14000000 0.08648464
256.00000000 2278.54000000 0.06342044
257.00000000 2285.94000000 0.04728881
258.00000000 2293.34000000 0.03467522
259.00000000 2300.74000000 0.02284159
260.00000000 2308.14000000 0.01485841
261.00000000 2315.53000000 0.01702073
262.00000000 2322.93000000 0.02748300
263.00000000 2330.33000000 0.03072277
264.00000000 2337.73000000 0.02677812
265.00000000 2345.12000000 0.01989563
266.00000000 2352.52000000 0.01695197
267.00000000 2359.91000000 0.02066182
268.00000000 2367.31000000 0.02088808
269.00000000 2374.70000000 0.01966535
270.00000000 2382.09000000 0.01781582
271.00000000 2389.49000000 0.01672517
272.00000000 2396.88000000 0.01656960
273.00000000 2404.27000000 0.01654383
274.00000000 2411.66000000 0.01658013
275.00000000 2419.05000000 0.01687599
276.00000000 2426.44000000 0.01712111
277.00000000 2433.83000000 0.01705139
278.00000000 2441.22000000 0.01752980
279.00000000 2448.61000000 0.02009748
280.00000000 2455.99000000 0.02299386
281.00000000 2463.38000000 0.02524416
282.00000000 2470.77000000 0.02701764
283.00000000 2478.15000000 0.02916741
284.00000000 2485.54000000 0.03005045
285.00000000 2492.92000000 0.03465435
